Alpha = 1
WindowPadding = [8, 8]
WindowRounding = 0
WindowBorderSize = 0
WindowMinSize = [32, 32]
WindowTitleAlign = [0, 0.5]
WindowMenuButtonPosition = None
ChildRounding = 0
ChildBorderSize = 1
PopupRounding = 0
PopupBorderSize = 0
FramePadding = [4, 3]
FrameRounding = 0
ItemSpacing = [8, 4]
ItemInnerSpacing = [4, 4]
TouchExtraPadding = [0, 0]
IndentSpacing = 21
ColumnsMinSpacing = 6
ScrollbarSize = 14
ScrollbarRounding = 0
GrabMinSize = 10
GrabRounding = 0
TabRounding = 0
TabBorderSize = 0
ColorButtonPosition = Right
ButtonTextAlign = [0.5, 0.5]
SelectableTextAlign = [0, 0]
DisplayWindowPadding = [19, 19]
DisplaySafeAreaPadding = [3, 3]
MouseCursorScale = 1
AntiAliasedLines = True
AntiAliasedFill = True
CurveTessellationTol = 1.25
CircleSegmentMaxError = 1.60000002
Colors = [[0.899999976, 0.899999976, 0.899999976, 1], [0.600000024, 0.600000024, 0.600000024, 1], [0.0705882385, 0.0823529437, 0.0980392173, 1], [0, 0, 0, 0], [0.109999999, 0.109999999, 0.140000001, 0.920000017], [0.5, 0.5, 0.5, 0.5], [0, 0, 0, 0], [0.430000007, 0.430000007, 0.430000007, 0.389999986], [0.469999999, 0.469999999, 0.689999998, 0.400000006], [0.419999987, 0.409999996, 0.639999986, 0.689999998], [0.132840857, 0.157223493, 0.18784529, 1], [0.109803922, 0.129411772, 0.152941182, 1], [0.400000006, 0.400000006, 0.800000012, 0.200000003], [0.124446772, 0.138211429, 0.149171293, 0.800000012], [0.200000003, 0.25, 0.300000012, 0.600000024], [0.400000006, 0.400000006, 0.800000012, 0.300000012], [0.400000006, 0.400000006, 0.800000012, 0.400000006], [0.409999996, 0.389999986, 0.800000012, 0.600000024], [0.899999976, 0.899999976, 0.899999976, 0.5], [1, 1, 1, 0.300000012], [0.409999996, 0.389999986, 0.800000012, 0.600000024], [0.196078435, 0.200000003, 0.203921571, 1], [0.300753921, 0.312140822, 0.325966835, 1], [0.392967284, 0.407308578, 0.453038692, 1], [0.400000006, 0.400000006, 0.899999976, 0.449999988], [0.449999988, 0.449999988, 0.899999976, 0.800000012], [0.529999971, 0.529999971, 0.870000005, 0.800000012], [0, 0, 0, 0], [0.600000024, 0.600000024, 0.699999988, 1], [0.699999988, 0.699999988, 0.899999976, 1], [1, 1, 1, 0.159999996], [0.779999971, 0.819999993, 1, 0.600000024], [0.779999971, 0.819999993, 1, 0.899999976], [0.176470593, 0.192156866, 0.20784314, 1], [0.449999988, 0.449999988, 0.899999976, 0.800000012], [0.270588249, 0.282352954, 0.298039228, 1], [0.176470593, 0.192156866, 0.20784314, 1], [0.270588249, 0.282352954, 0.298039228, 1], [0.400000006, 0.400000006, 0.899999976, 0.314999998], [0.200000003, 0.200000003, 0.200000003, 1], [1, 1, 1, 1], [0.899999976, 0.699999988, 0, 1], [0.899999976, 0.699999988, 0, 1], [1, 0.600000024, 0, 1], [0, 0, 1, 0.349999994], [1, 1, 0, 0.899999976], [0.449999988, 0.449999988, 0.899999976, 0.800000012], [1, 1, 1, 0.699999988], [0.800000012, 0.800000012, 0.800000012, 0.200000003], [0.200000003, 0.200000003, 0.200000003, 0.349999994]]